%YAML:1.0
CM1: !!opencv-matrix
   rows: 3
   cols: 3
   dt: d
   data: [ 2.8903208790795907e+002, 0., 1.2693136600508758e+002, 0.,
       2.5777336083190647e+002, 8.5948854516862880e+001, 0., 0., 1. ]
CM2: !!opencv-matrix
   rows: 3
   cols: 3
   dt: d
   data: [ 2.8903208790795907e+002, 0., 1.2530487980537922e+002, 0.,
       2.5777336083190647e+002, 8.5218453582095719e+001, 0., 0., 1. ]
D1: !!opencv-matrix
   rows: 1
   cols: 5
   dt: d
   data: [ -1.9164304302636534e-001, -1.7098541904269866e+000, 0., 0.,
       8.5725403069798798e+000 ]
D2: !!opencv-matrix
   rows: 1
   cols: 5
   dt: d
   data: [ -4.5763296234848638e-001, 5.5650285444705694e-001, 0., 0.,
       -4.2836644070775137e-001 ]
R: !!opencv-matrix
   rows: 3
   cols: 3
   dt: d
   data: [ 9.9476433904978467e-001, 8.1489412858491896e-003,
       1.0187003735527443e-001, -8.4323996221390262e-003,
       9.9996168009897413e-001, 2.3522266577703211e-003,
       -1.0184696554860030e-001, -3.1989200610140745e-003,
       9.9479493490818782e-001 ]
T: !!opencv-matrix
   rows: 3
   cols: 1
   dt: d
   data: [ 1.5818091401429233e+000, 1.0531584291252190e-001,
       -5.4017092945155243e-001 ]
E: !!opencv-matrix
   rows: 3
   cols: 3
   dt: d
   data: [ -1.5281036166231176e-002, 5.3981333319236324e-001,
       1.0603827155497167e-001, -3.7624031660918406e-001,
       6.5825980267533463e-004, -1.6286029533671189e+000,
       -1.1810289166198304e-001, 1.5808903127528675e+000,
       -7.0077552246518866e-003 ]
F: !!opencv-matrix
   rows: 3
   cols: 3
   dt: d
   data: [ -5.9483065457494368e-006, 2.3560916043980075e-004,
       -7.5650691866296993e-003, -1.6421540497278838e-004,
       3.2214687735895823e-007, -1.8463535143523452e-001,
       1.4519168501182329e-003, 1.6988226681078625e-001,
       9.9999999999999989e-001 ]
R1: !!opencv-matrix
   rows: 3
   cols: 3
   dt: d
   data: [ 9.7184265705616035e-001, 7.1607929543362051e-002,
       -2.2448642353722709e-001, -7.1818498512133538e-002,
       9.9739145428994380e-001, 7.2381061648500254e-003,
       2.2441914623642317e-001, 9.0879775475000996e-003,
       9.7445033504361378e-001 ]
R2: !!opencv-matrix
   rows: 3
   cols: 3
   dt: d
   data: [ 9.4446950686881881e-001, 6.2882176930698572e-002,
       -3.2252625074469010e-001, -6.2577450658559311e-002,
       9.9797586229412039e-001, 1.1324351963025876e-002,
       3.2258551310318628e-001, 9.4873654279379813e-003,
       9.4649277685209565e-001 ]
P1: !!opencv-matrix
   rows: 3
   cols: 4
   dt: d
   data: [ 1.8676013264237170e+002, 0., 1.8371675574779510e+002, 0., 0.,
       1.8676013264237170e+002, 1.0629643058776855e+002, 0., 0., 0., 1.,
       0. ]
P2: !!opencv-matrix
   rows: 3
   cols: 4
   dt: d
   data: [ 1.8676013264237170e+002, 0., 1.8371675574779510e+002,
       3.1278816592756368e+002, 0., 1.8676013264237170e+002,
       1.0629643058776855e+002, 0., 0., 0., 1., 0. ]
Q: !!opencv-matrix
   rows: 4
   cols: 4
   dt: d
   data: [ 1., 0., 0., -1.8371675574779510e+002, 0., 1., 0.,
       -1.0629643058776855e+002, 0., 0., 0., 1.8676013264237170e+002, 0.,
       0., -5.9708183680332116e-001, 0. ]
