%YAML:1.0
CM1: !!opencv-matrix
   rows: 3
   cols: 3
   dt: d
   data: [ 5.8976011357219693e+002, 0., 1.5324172498046235e+002, 0.,
       6.2002708140224388e+002, 1.7398618842415848e+002, 0., 0., 1. ]
CM2: !!opencv-matrix
   rows: 3
   cols: 3
   dt: d
   data: [ 5.8976011357219693e+002, 0., 1.5608387382093289e+002, 0.,
       6.2002708140224388e+002, 1.7478942668016452e+002, 0., 0., 1. ]
D1: !!opencv-matrix
   rows: 1
   cols: 5
   dt: d
   data: [ 6.4572824701978737e-001, -1.5114487094569306e+001, 0., 0.,
       1.5053585666354300e+002 ]
D2: !!opencv-matrix
   rows: 1
   cols: 5
   dt: d
   data: [ 4.1105546651391872e-001, -6.3952752798164312e+000, 0., 0.,
       4.2204294468245728e+001 ]
R: !!opencv-matrix
   rows: 3
   cols: 3
   dt: d
   data: [ 9.9996478924019450e-001, -3.2383888248530821e-003,
       -7.7416482503737090e-003, 3.2002607927159791e-003,
       9.9998271483702383e-001, -4.9323785371827838e-003,
       7.7574873942567587e-003, 4.9074295710201648e-003,
       9.9995786837462974e-001 ]
T: !!opencv-matrix
   rows: 3
   cols: 1
   dt: d
   data: [ 3.1553165406476116e+000, 7.7357515579473041e-002,
       7.2150229636381305e-002 ]
E: !!opencv-matrix
   rows: 3
   cols: 3
   dt: d
   data: [ 3.6920040086801736e-004, -7.1769355948407915e-002,
       7.7710128625718369e-002, 4.7670360883011978e-002,
       -1.5718144194868180e-002, -3.1557421637322247e+000,
       -6.7256955948930053e-002, 3.1555125142009359e+000,
       -1.4964340907969024e-002 ]
F: !!opencv-matrix
   rows: 3
   cols: 3
   dt: d
   data: [ -6.2592952787140738e-008, 1.1573562543385886e-005,
       -9.7739637700541074e-003, -7.6873464427062906e-006,
       2.4109822930300708e-006, 3.0088544541549095e-001,
       8.0781825486976027e-003, -3.0233292067227269e-001, 1. ]
R1: !!opencv-matrix
   rows: 3
   cols: 3
   dt: d
   data: [ 9.9965901917240640e-001, 2.1377954244780825e-002,
       1.4994280895411827e-002, -2.1341444595113706e-002,
       9.9976888874934777e-001, -2.5907202643611644e-003,
       -1.5046199847674011e-002, 2.2698372634483797e-003,
       9.9988422315233139e-001 ]
R2: !!opencv-matrix
   rows: 3
   cols: 3
   dt: d
   data: [ 9.9943850984221083e-001, 2.4502796819231384e-002,
       2.2853402206601290e-002, -2.4558277098394476e-002,
       9.9969608780579733e-001, 2.1501283083077967e-003,
       -2.2793772621917955e-002, -2.7101612164554473e-003,
       9.9973651476568626e-001 ]
P1: !!opencv-matrix
   rows: 3
   cols: 4
   dt: d
   data: [ 6.2002708140224388e+002, 0., 1.4445062637329102e+002, 0., 0.,
       6.2002708140224388e+002, 1.6722913455963135e+002, 0., 0., 0., 1.,
       0. ]
P2: !!opencv-matrix
   rows: 3
   cols: 4
   dt: d
   data: [ 6.2002708140224388e+002, 0., 1.4445062637329102e+002,
       1.9574808118078547e+003, 0., 6.2002708140224388e+002,
       1.6722913455963135e+002, 0., 0., 0., 1., 0. ]
Q: !!opencv-matrix
   rows: 4
   cols: 4
   dt: d
   data: [ 1., 0., 0., -1.4445062637329102e+002, 0., 1., 0.,
       -1.6722913455963135e+002, 0., 0., 0., 6.2002708140224388e+002, 0.,
       0., -3.1674746319970842e-001, 0. ]
