%YAML:1.0
CM1: !!opencv-matrix
   rows: 3
   cols: 3
   dt: d
   data: [ 4.0251233922251816e+002, 0., 1.5752990984763179e+002, 0.,
       4.0449555250039600e+002, 1.5767998837214535e+002, 0., 0., 1. ]
CM2: !!opencv-matrix
   rows: 3
   cols: 3
   dt: d
   data: [ 4.0251233922251816e+002, 0., 1.5781825692716643e+002, 0.,
       4.0449555250039600e+002, 1.5765644359864834e+002, 0., 0., 1. ]
D1: !!opencv-matrix
   rows: 1
   cols: 5
   dt: d
   data: [ 2.6006981551569752e-001, -2.9854775701473444e+000, 0., 0.,
       1.7735423786264530e+001 ]
D2: !!opencv-matrix
   rows: 1
   cols: 5
   dt: d
   data: [ -5.4063433207468614e-001, 5.7425221970993707e+000, 0., 0.,
       -2.2096828862394158e+001 ]
R: !!opencv-matrix
   rows: 3
   cols: 3
   dt: d
   data: [ 9.9896375922331948e-001, 1.1810363984797014e-003,
       4.5497394556601990e-002, -1.1354990905819309e-004,
       9.9972481615291231e-001, -2.3458027931687185e-002,
       -4.5512579193359319e-002, 2.3428553541589577e-002,
       9.9868899463953087e-001 ]
T: !!opencv-matrix
   rows: 3
   cols: 1
   dt: d
   data: [ 1.8555503390327914e+000, 5.4576258048521586e-001,
       -4.0789558004144277e-001 ]
E: !!opencv-matrix
   rows: 3
   cols: 3
   dt: d
   data: [ -2.4885379171124468e-002, 4.2056976160441090e-001,
       5.3547865690683238e-001, -3.2302202025628141e-001,
       -4.3954599993952376e-002, -1.8716758887347387e+000,
       -5.4540773661718078e-001, 1.8543951560795504e+000,
       -6.8358327140247963e-002 ]
F: !!opencv-matrix
   rows: 3
   cols: 3
   dt: d
   data: [ 2.8593085311631585e-006, -4.8086176878122161e-005,
       -1.7633186785201930e-002, 3.6932978591509365e-005,
       5.0009439267965584e-006, 7.9530860093014563e-002,
       1.8950218086664479e-002, -7.8541725679215413e-002, 1. ]
R1: !!opencv-matrix
   rows: 3
   cols: 3
   dt: d
   data: [ 9.4710355071900987e-001, 2.7229738223756422e-001,
       -1.6984993329999809e-001, -2.7480666723368163e-001,
       9.6145720126492829e-001, 9.0191895272154661e-003,
       1.6575934320381613e-001, 3.8133787674202127e-002,
       9.8542866529153605e-001 ]
R2: !!opencv-matrix
   rows: 3
   cols: 3
   dt: d
   data: [ 9.3871598708888737e-001, 2.7609925135386160e-001,
       -2.0635285068438694e-001, -2.7297603578461582e-001,
       9.6101225564569637e-001, 4.4040077044513820e-002,
       2.1046705079667896e-001, 1.4988258758367269e-002,
       9.7748604728064548e-001 ]
P1: !!opencv-matrix
   rows: 3
   cols: 4
   dt: d
   data: [ 3.5103297881000600e+002, 0., 2.2853284335136414e+002, 0., 0.,
       3.5103297881000600e+002, 9.1857059240341187e+001, 0., 0., 0., 1.,
       0. ]
P2: !!opencv-matrix
   rows: 3
   cols: 4
   dt: d
   data: [ 3.5103297881000600e+002, 0., 2.2853284335136414e+002,
       6.9388331700045910e+002, 0., 3.5103297881000600e+002,
       9.1857059240341187e+001, 0., 0., 0., 1., 0. ]
Q: !!opencv-matrix
   rows: 4
   cols: 4
   dt: d
   data: [ 1., 0., 0., -2.2853284335136414e+002, 0., 1., 0.,
       -9.1857059240341187e+001, 0., 0., 0., 3.5103297881000600e+002, 0.,
       0., -5.0589626556733280e-001, 0. ]
